{
 "cells": [
  {
   "cell_type": "code",
   "execution_count": 1,
   "id": "01a733cc",
   "metadata": {},
   "outputs": [],
   "source": [
    "import geopy.distance\n",
    "import numpy as np\n",
    "import pandas as pd"
   ]
  },
  {
   "cell_type": "code",
   "execution_count": 6,
   "id": "9928e60e",
   "metadata": {},
   "outputs": [],
   "source": [
    "df = pd.read_csv('./data/capacity2.csv')\n",
    "country_name = df['country'].tolist()"
   ]
  },
  {
   "cell_type": "code",
   "execution_count": 7,
   "id": "5acb60cf",
   "metadata": {},
   "outputs": [
    {
     "data": {
      "text/plain": [
       "['Argentina',\n",
       " 'Australia',\n",
       " 'Brazil',\n",
       " 'Canada',\n",
       " 'Chile',\n",
       " 'China',\n",
       " 'Colombia',\n",
       " 'Congo',\n",
       " 'Finland',\n",
       " 'France',\n",
       " 'Germany',\n",
       " 'India',\n",
       " 'Indonesia',\n",
       " 'Iran',\n",
       " 'Japan',\n",
       " 'Kazakhstan',\n",
       " 'Malaysia',\n",
       " 'Mexico',\n",
       " 'Mozambique',\n",
       " 'Norway',\n",
       " 'Peru',\n",
       " 'Philippines',\n",
       " 'Portugal',\n",
       " 'Russia',\n",
       " 'Saudi arabia',\n",
       " 'South Africa',\n",
       " 'South korea',\n",
       " 'Turkey',\n",
       " 'Ukraine',\n",
       " 'United Arab Emirates',\n",
       " 'United States']"
      ]
     },
     "execution_count": 7,
     "metadata": {},
     "output_type": "execute_result"
    }
   ],
   "source": [
    "country_name"
   ]
  },
  {
   "cell_type": "code",
   "execution_count": 9,
   "id": "602bec46",
   "metadata": {},
   "outputs": [],
   "source": [
    "ncty = len(country_name)\n",
    "res = np.zeros([ncty,ncty])\n",
    "for i in range(ncty):\n",
    "    for j in range(ncty):\n",
    "        c1 = country_name[i]\n",
    "        c2 = country_name[j]\n",
    "        c1info = geopy.geocoders.Nominatim(user_agent=\"my-app\").geocode(c1)[1]\n",
    "        c2info = geopy.geocoders.Nominatim(user_agent=\"my-app\").geocode(c2)[1]\n",
    "        distance = geopy.distance.distance(c1info, c2info).km\n",
    "        res[i,j] = distance\n",
    "        "
   ]
  },
  {
   "cell_type": "code",
   "execution_count": 11,
   "id": "564775df",
   "metadata": {},
   "outputs": [],
   "source": [
    "df = pd.DataFrame(res, columns=country_name)\n",
    "df.index = country_name\n",
    "df.to_csv('distance_31111.csv')"
   ]
  },
  {
   "cell_type": "code",
   "execution_count": null,
   "id": "b560c70b",
   "metadata": {},
   "outputs": [],
   "source": []
  },
  {
   "cell_type": "code",
   "execution_count": null,
   "id": "191fd238",
   "metadata": {},
   "outputs": [],
   "source": []
  },
  {
   "cell_type": "code",
   "execution_count": null,
   "id": "bd6b21f0",
   "metadata": {},
   "outputs": [],
   "source": []
  },
  {
   "cell_type": "code",
   "execution_count": null,
   "id": "5c674027",
   "metadata": {},
   "outputs": [],
   "source": []
  },
  {
   "cell_type": "code",
   "execution_count": 13,
   "id": "4d1a9b20",
   "metadata": {},
   "outputs": [],
   "source": [
    "country1 = \"United States\"\n",
    "country2 = \"South Afraic\""
   ]
  },
  {
   "cell_type": "code",
   "execution_count": 14,
   "id": "0d7975d0",
   "metadata": {},
   "outputs": [],
   "source": [
    "country1_coordinates = geopy.geocoders.Nominatim(user_agent=\"my-app\").geocode(country1)[1]\n",
    "country2_coordinates = geopy.geocoders.Nominatim(user_agent=\"my-app\").geocode(country2)[1]"
   ]
  },
  {
   "cell_type": "code",
   "execution_count": 15,
   "id": "6a9c3407",
   "metadata": {},
   "outputs": [
    {
     "data": {
      "text/plain": [
       "14936.038499595656"
      ]
     },
     "execution_count": 15,
     "metadata": {},
     "output_type": "execute_result"
    }
   ],
   "source": [
    "distance = geopy.distance.distance(country1_coordinates, country2_coordinates).km\n",
    "distance"
   ]
  },
  {
   "cell_type": "code",
   "execution_count": 12,
   "id": "a754164b",
   "metadata": {},
   "outputs": [],
   "source": [
    "country = ['Argentina', \n",
    "           'Australia',\n",
    "           'Canada',\n",
    "           'China',\n",
    "           'Congo',\n",
    "           'Finland',\n",
    "           'Japan',\n",
    "           'Mozambique',\n",
    "           'Russia',\n",
    "           'South Afraic',\n",
    "           'South Korea',\n",
    "           'United States']\n",
    "ncty = len(country)"
   ]
  },
  {
   "cell_type": "code",
   "execution_count": 26,
   "id": "d71c1812",
   "metadata": {},
   "outputs": [
    {
     "data": {
      "text/plain": [
       "array([[0., 0., 0., 0., 0., 0., 0., 0., 0., 0., 0., 0.],\n",
       "       [0., 0., 0., 0., 0., 0., 0., 0., 0., 0., 0., 0.],\n",
       "       [0., 0., 0., 0., 0., 0., 0., 0., 0., 0., 0., 0.],\n",
       "       [0., 0., 0., 0., 0., 0., 0., 0., 0., 0., 0., 0.],\n",
       "       [0., 0., 0., 0., 0., 0., 0., 0., 0., 0., 0., 0.],\n",
       "       [0., 0., 0., 0., 0., 0., 0., 0., 0., 0., 0., 0.],\n",
       "       [0., 0., 0., 0., 0., 0., 0., 0., 0., 0., 0., 0.],\n",
       "       [0., 0., 0., 0., 0., 0., 0., 0., 0., 0., 0., 0.],\n",
       "       [0., 0., 0., 0., 0., 0., 0., 0., 0., 0., 0., 0.],\n",
       "       [0., 0., 0., 0., 0., 0., 0., 0., 0., 0., 0., 0.],\n",
       "       [0., 0., 0., 0., 0., 0., 0., 0., 0., 0., 0., 0.],\n",
       "       [0., 0., 0., 0., 0., 0., 0., 0., 0., 0., 0., 0.]])"
      ]
     },
     "execution_count": 26,
     "metadata": {},
     "output_type": "execute_result"
    }
   ],
   "source": [
    "result = np.zeros([ncty,ncty])"
   ]
  },
  {
   "cell_type": "code",
   "execution_count": 29,
   "id": "4c572657",
   "metadata": {},
   "outputs": [],
   "source": [
    "for i in range(ncty):\n",
    "    for j in range(ncty):\n",
    "        c1 = country[i]\n",
    "        c2 = country[j]\n",
    "        c1info = geopy.geocoders.Nominatim(user_agent=\"my-app\").geocode(c1)[1]\n",
    "        c2info = geopy.geocoders.Nominatim(user_agent=\"my-app\").geocode(c2)[1]\n",
    "        distance = geopy.distance.distance(c1info, c2info).km\n",
    "        result[i,j] = distance\n",
    "        \n",
    "        \n",
    "  "
   ]
  },
  {
   "cell_type": "code",
   "execution_count": 31,
   "id": "f1d3358c",
   "metadata": {},
   "outputs": [
    {
     "data": {
      "text/html": [
       "<div>\n",
       "<style scoped>\n",
       "    .dataframe tbody tr th:only-of-type {\n",
       "        vertical-align: middle;\n",
       "    }\n",
       "\n",
       "    .dataframe tbody tr th {\n",
       "        vertical-align: top;\n",
       "    }\n",
       "\n",
       "    .dataframe thead th {\n",
       "        text-align: right;\n",
       "    }\n",
       "</style>\n",
       "<table border=\"1\" class=\"dataframe\">\n",
       "  <thead>\n",
       "    <tr style=\"text-align: right;\">\n",
       "      <th></th>\n",
       "      <th>Argentina</th>\n",
       "      <th>Australia</th>\n",
       "      <th>Canada</th>\n",
       "      <th>China</th>\n",
       "      <th>Congo</th>\n",
       "      <th>Finland</th>\n",
       "      <th>Japan</th>\n",
       "      <th>Mozambique</th>\n",
       "      <th>Russia</th>\n",
       "      <th>South Afraic</th>\n",
       "      <th>South Korea</th>\n",
       "      <th>United States</th>\n",
       "    </tr>\n",
       "  </thead>\n",
       "  <tbody>\n",
       "    <tr>\n",
       "      <th>0</th>\n",
       "      <td>0.000000</td>\n",
       "      <td>13071.624349</td>\n",
       "      <td>11339.696072</td>\n",
       "      <td>19110.946452</td>\n",
       "      <td>9714.220236</td>\n",
       "      <td>13455.682457</td>\n",
       "      <td>17835.927984</td>\n",
       "      <td>9660.274748</td>\n",
       "      <td>16503.850679</td>\n",
       "      <td>8236.039056</td>\n",
       "      <td>18867.472373</td>\n",
       "      <td>9046.120020</td>\n",
       "    </tr>\n",
       "    <tr>\n",
       "      <th>1</th>\n",
       "      <td>13071.624349</td>\n",
       "      <td>0.000000</td>\n",
       "      <td>13845.235325</td>\n",
       "      <td>7322.659763</td>\n",
       "      <td>11975.557580</td>\n",
       "      <td>13376.361670</td>\n",
       "      <td>6806.898670</td>\n",
       "      <td>10073.418470</td>\n",
       "      <td>10419.393812</td>\n",
       "      <td>10452.592756</td>\n",
       "      <td>6837.931052</td>\n",
       "      <td>14654.086230</td>\n",
       "    </tr>\n",
       "    <tr>\n",
       "      <th>2</th>\n",
       "      <td>11339.696072</td>\n",
       "      <td>13845.235325</td>\n",
       "      <td>0.000000</td>\n",
       "      <td>8944.219335</td>\n",
       "      <td>12408.829137</td>\n",
       "      <td>5682.748135</td>\n",
       "      <td>7604.430485</td>\n",
       "      <td>14539.812228</td>\n",
       "      <td>5891.431955</td>\n",
       "      <td>15035.501610</td>\n",
       "      <td>8064.069380</td>\n",
       "      <td>2423.609651</td>\n",
       "    </tr>\n",
       "    <tr>\n",
       "      <th>3</th>\n",
       "      <td>19110.946452</td>\n",
       "      <td>7322.659763</td>\n",
       "      <td>8944.219335</td>\n",
       "      <td>0.000000</td>\n",
       "      <td>9399.591636</td>\n",
       "      <td>6062.858354</td>\n",
       "      <td>3084.018775</td>\n",
       "      <td>9527.342785</td>\n",
       "      <td>3337.861212</td>\n",
       "      <td>10967.513979</td>\n",
       "      <td>2054.273363</td>\n",
       "      <td>11323.518191</td>\n",
       "    </tr>\n",
       "    <tr>\n",
       "      <th>4</th>\n",
       "      <td>9714.220236</td>\n",
       "      <td>11975.557580</td>\n",
       "      <td>12408.829137</td>\n",
       "      <td>9399.591636</td>\n",
       "      <td>0.000000</td>\n",
       "      <td>7347.676649</td>\n",
       "      <td>12466.332460</td>\n",
       "      <td>2171.760494</td>\n",
       "      <td>9545.860331</td>\n",
       "      <td>2861.955049</td>\n",
       "      <td>11448.007464</td>\n",
       "      <td>13100.147093</td>\n",
       "    </tr>\n",
       "    <tr>\n",
       "      <th>5</th>\n",
       "      <td>13455.682457</td>\n",
       "      <td>13376.361670</td>\n",
       "      <td>5682.748135</td>\n",
       "      <td>6062.858354</td>\n",
       "      <td>7347.676649</td>\n",
       "      <td>0.000000</td>\n",
       "      <td>7481.040284</td>\n",
       "      <td>9184.783053</td>\n",
       "      <td>3332.926584</td>\n",
       "      <td>10205.169137</td>\n",
       "      <td>6985.528442</td>\n",
       "      <td>7639.451447</td>\n",
       "    </tr>\n",
       "    <tr>\n",
       "      <th>6</th>\n",
       "      <td>17835.927984</td>\n",
       "      <td>6806.898670</td>\n",
       "      <td>7604.430485</td>\n",
       "      <td>3084.018775</td>\n",
       "      <td>12466.332460</td>\n",
       "      <td>7481.040284</td>\n",
       "      <td>0.000000</td>\n",
       "      <td>12520.811242</td>\n",
       "      <td>4149.883300</td>\n",
       "      <td>13917.104038</td>\n",
       "      <td>1032.158578</td>\n",
       "      <td>9584.571561</td>\n",
       "    </tr>\n",
       "    <tr>\n",
       "      <th>7</th>\n",
       "      <td>9660.274748</td>\n",
       "      <td>10073.418470</td>\n",
       "      <td>14539.812228</td>\n",
       "      <td>9527.342785</td>\n",
       "      <td>2171.760494</td>\n",
       "      <td>9184.783053</td>\n",
       "      <td>12520.811242</td>\n",
       "      <td>0.000000</td>\n",
       "      <td>10719.455550</td>\n",
       "      <td>1457.692525</td>\n",
       "      <td>11508.297273</td>\n",
       "      <td>15202.001586</td>\n",
       "    </tr>\n",
       "    <tr>\n",
       "      <th>8</th>\n",
       "      <td>16503.850679</td>\n",
       "      <td>10419.393812</td>\n",
       "      <td>5891.431955</td>\n",
       "      <td>3337.861212</td>\n",
       "      <td>9545.860331</td>\n",
       "      <td>3332.926584</td>\n",
       "      <td>4149.883300</td>\n",
       "      <td>10719.455550</td>\n",
       "      <td>0.000000</td>\n",
       "      <td>12092.290102</td>\n",
       "      <td>3696.224232</td>\n",
       "      <td>8313.428774</td>\n",
       "    </tr>\n",
       "    <tr>\n",
       "      <th>9</th>\n",
       "      <td>8236.039056</td>\n",
       "      <td>10452.592756</td>\n",
       "      <td>15035.501610</td>\n",
       "      <td>10967.513979</td>\n",
       "      <td>2861.955049</td>\n",
       "      <td>10205.169137</td>\n",
       "      <td>13917.104038</td>\n",
       "      <td>1457.692525</td>\n",
       "      <td>12092.290102</td>\n",
       "      <td>0.000000</td>\n",
       "      <td>12920.485405</td>\n",
       "      <td>14936.038500</td>\n",
       "    </tr>\n",
       "    <tr>\n",
       "      <th>10</th>\n",
       "      <td>18867.472373</td>\n",
       "      <td>6837.931052</td>\n",
       "      <td>8064.069380</td>\n",
       "      <td>2054.273363</td>\n",
       "      <td>11448.007464</td>\n",
       "      <td>6985.528442</td>\n",
       "      <td>1032.158578</td>\n",
       "      <td>11508.297273</td>\n",
       "      <td>3696.224232</td>\n",
       "      <td>12920.485405</td>\n",
       "      <td>0.000000</td>\n",
       "      <td>10219.344737</td>\n",
       "    </tr>\n",
       "    <tr>\n",
       "      <th>11</th>\n",
       "      <td>9046.120020</td>\n",
       "      <td>14654.086230</td>\n",
       "      <td>2423.609651</td>\n",
       "      <td>11323.518191</td>\n",
       "      <td>13100.147093</td>\n",
       "      <td>7639.451447</td>\n",
       "      <td>9584.571561</td>\n",
       "      <td>15202.001586</td>\n",
       "      <td>8313.428774</td>\n",
       "      <td>14936.038500</td>\n",
       "      <td>10219.344737</td>\n",
       "      <td>0.000000</td>\n",
       "    </tr>\n",
       "  </tbody>\n",
       "</table>\n",
       "</div>"
      ],
      "text/plain": [
       "       Argentina     Australia        Canada         China         Congo  \\\n",
       "0       0.000000  13071.624349  11339.696072  19110.946452   9714.220236   \n",
       "1   13071.624349      0.000000  13845.235325   7322.659763  11975.557580   \n",
       "2   11339.696072  13845.235325      0.000000   8944.219335  12408.829137   \n",
       "3   19110.946452   7322.659763   8944.219335      0.000000   9399.591636   \n",
       "4    9714.220236  11975.557580  12408.829137   9399.591636      0.000000   \n",
       "5   13455.682457  13376.361670   5682.748135   6062.858354   7347.676649   \n",
       "6   17835.927984   6806.898670   7604.430485   3084.018775  12466.332460   \n",
       "7    9660.274748  10073.418470  14539.812228   9527.342785   2171.760494   \n",
       "8   16503.850679  10419.393812   5891.431955   3337.861212   9545.860331   \n",
       "9    8236.039056  10452.592756  15035.501610  10967.513979   2861.955049   \n",
       "10  18867.472373   6837.931052   8064.069380   2054.273363  11448.007464   \n",
       "11   9046.120020  14654.086230   2423.609651  11323.518191  13100.147093   \n",
       "\n",
       "         Finland         Japan    Mozambique        Russia  South Afraic  \\\n",
       "0   13455.682457  17835.927984   9660.274748  16503.850679   8236.039056   \n",
       "1   13376.361670   6806.898670  10073.418470  10419.393812  10452.592756   \n",
       "2    5682.748135   7604.430485  14539.812228   5891.431955  15035.501610   \n",
       "3    6062.858354   3084.018775   9527.342785   3337.861212  10967.513979   \n",
       "4    7347.676649  12466.332460   2171.760494   9545.860331   2861.955049   \n",
       "5       0.000000   7481.040284   9184.783053   3332.926584  10205.169137   \n",
       "6    7481.040284      0.000000  12520.811242   4149.883300  13917.104038   \n",
       "7    9184.783053  12520.811242      0.000000  10719.455550   1457.692525   \n",
       "8    3332.926584   4149.883300  10719.455550      0.000000  12092.290102   \n",
       "9   10205.169137  13917.104038   1457.692525  12092.290102      0.000000   \n",
       "10   6985.528442   1032.158578  11508.297273   3696.224232  12920.485405   \n",
       "11   7639.451447   9584.571561  15202.001586   8313.428774  14936.038500   \n",
       "\n",
       "     South Korea  United States  \n",
       "0   18867.472373    9046.120020  \n",
       "1    6837.931052   14654.086230  \n",
       "2    8064.069380    2423.609651  \n",
       "3    2054.273363   11323.518191  \n",
       "4   11448.007464   13100.147093  \n",
       "5    6985.528442    7639.451447  \n",
       "6    1032.158578    9584.571561  \n",
       "7   11508.297273   15202.001586  \n",
       "8    3696.224232    8313.428774  \n",
       "9   12920.485405   14936.038500  \n",
       "10      0.000000   10219.344737  \n",
       "11  10219.344737       0.000000  "
      ]
     },
     "execution_count": 31,
     "metadata": {},
     "output_type": "execute_result"
    }
   ],
   "source": [
    "df = pd.DataFrame(result, columns =country)\n",
    "df"
   ]
  },
  {
   "cell_type": "code",
   "execution_count": 32,
   "id": "4d86d9f0",
   "metadata": {},
   "outputs": [],
   "source": [
    "df.to_csv('distance_tesla.csv')"
   ]
  },
  {
   "cell_type": "code",
   "execution_count": null,
   "id": "22ea56d6",
   "metadata": {},
   "outputs": [],
   "source": []
  }
 ],
 "metadata": {
  "kernelspec": {
   "display_name": "Python 3 (ipykernel)",
   "language": "python",
   "name": "python3"
  },
  "language_info": {
   "codemirror_mode": {
    "name": "ipython",
    "version": 3
   },
   "file_extension": ".py",
   "mimetype": "text/x-python",
   "name": "python",
   "nbconvert_exporter": "python",
   "pygments_lexer": "ipython3",
   "version": "3.8.6"
  }
 },
 "nbformat": 4,
 "nbformat_minor": 5
}
